
State Machine - |Pipeline|JTAG:__module15__|TAP:__module16__|reg3098
Name reg3098.1111 reg3098.1110 reg3098.1101 reg3098.1100 reg3098.1011 reg3098.1010 reg3098.1001 reg3098.1000 reg3098.0111 reg3098.0110 reg3098.0101 reg3098.0100 reg3098.0011 reg3098.0010 reg3098.0001 reg3098.0000 
reg3098.0000 0 0 0 0 0 0 0 0 0 0 0 0 0 0 0 0 
reg3098.0001 0 0 0 0 0 0 0 0 0 0 0 0 0 0 1 1 
reg3098.0010 0 0 0 0 0 0 0 0 0 0 0 0 0 1 0 1 
reg3098.0011 0 0 0 0 0 0 0 0 0 0 0 0 1 0 0 1 
reg3098.0100 0 0 0 0 0 0 0 0 0 0 0 1 0 0 0 1 
reg3098.0101 0 0 0 0 0 0 0 0 0 0 1 0 0 0 0 1 
reg3098.0110 0 0 0 0 0 0 0 0 0 1 0 0 0 0 0 1 
reg3098.0111 0 0 0 0 0 0 0 0 1 0 0 0 0 0 0 1 
reg3098.1000 0 0 0 0 0 0 0 1 0 0 0 0 0 0 0 1 
reg3098.1001 0 0 0 0 0 0 1 0 0 0 0 0 0 0 0 1 
reg3098.1010 0 0 0 0 0 1 0 0 0 0 0 0 0 0 0 1 
reg3098.1011 0 0 0 0 1 0 0 0 0 0 0 0 0 0 0 1 
reg3098.1100 0 0 0 1 0 0 0 0 0 0 0 0 0 0 0 1 
reg3098.1101 0 0 1 0 0 0 0 0 0 0 0 0 0 0 0 1 
reg3098.1110 0 1 0 0 0 0 0 0 0 0 0 0 0 0 0 1 
reg3098.1111 1 0 0 0 0 0 0 0 0 0 0 0 0 0 0 1 

State Machine - |Pipeline|Fetch:__module2__|reg127
Name reg127.0011 reg127.0010 reg127.0001 reg127.0000 
reg127.0000 0 0 0 0 
reg127.0001 0 0 1 1 
reg127.0010 0 1 0 1 
reg127.0011 1 0 0 1 
